     1.000000    0.000000
     0.982051    0.004561
     0.964103    0.009034
     0.946154    0.013444
     0.928205    0.017810
     0.910256    0.022144
     0.892308    0.026449
     0.874359    0.030726
     0.856410    0.034970
     0.838462    0.039172
     0.820513    0.043324
     0.802564    0.047412
     0.784615    0.051425
     0.766667    0.055350
     0.748718    0.059172
     0.730769    0.062881
     0.712821    0.066464
     0.694872    0.069912
     0.676923    0.073214
     0.658974    0.076364
     0.641026    0.079356
     0.623077    0.082185
     0.605128    0.084848
     0.587179    0.087344
     0.569231    0.089674
     0.551282    0.091837
     0.533333    0.093837
     0.515385    0.095675
     0.497436    0.097354
     0.479487    0.098878
     0.461538    0.100248
     0.443590    0.101467
     0.425641    0.102533
     0.407692    0.103448
     0.389744    0.104206
     0.371795    0.104802
     0.353846    0.105228
     0.335897    0.105471
     0.317949    0.105516
     0.300000    0.105343
     0.298341    0.105316
     0.296682    0.105286
     0.295022    0.105254
     0.293363    0.105220
     0.291704    0.105183
     0.290045    0.105145
     0.288385    0.105104
     0.286726    0.105061
     0.285067    0.105016
     0.283408    0.104969
     0.281749    0.104919
     0.280089    0.104867
     0.278430    0.104812
     0.276771    0.104756
     0.275112    0.104696
     0.273453    0.104635
     0.271793    0.104571
     0.270134    0.104504
     0.268475    0.104435
     0.266816    0.104364
     0.265156    0.104289
     0.263497    0.104213
     0.261838    0.104133
     0.260179    0.104051
     0.258520    0.103966
     0.256860    0.103879
     0.255201    0.103789
     0.253542    0.103696
     0.251883    0.103600
     0.250223    0.103501
     0.248564    0.103400
     0.246905    0.103296
     0.245246    0.103188
     0.243587    0.103078
     0.241927    0.102965
     0.240268    0.102848
     0.238609    0.102729
     0.236950    0.102606
     0.235291    0.102480
     0.233631    0.102352
     0.231972    0.102219
     0.230313    0.102084
     0.228654    0.101945
     0.226994    0.101803
     0.225335    0.101658
     0.223676    0.101509
     0.222017    0.101357
     0.220358    0.101201
     0.218698    0.101041
     0.217039    0.100878
     0.215380    0.100712
     0.213721    0.100542
     0.212061    0.100368
     0.210402    0.100190
     0.208743    0.100008
     0.207084    0.099823
     0.205425    0.099634
     0.203765    0.099441
     0.202106    0.099244
     0.200447    0.099042
     0.198788    0.098837
     0.197128    0.098628
     0.195469    0.098414
     0.193810    0.098196
     0.192151    0.097974
     0.190492    0.097748
     0.188832    0.097517
     0.187173    0.097282
     0.185514    0.097042
     0.183855    0.096798
     0.182196    0.096549
     0.180536    0.096296
     0.178877    0.096038
     0.177218    0.095775
     0.175559    0.095507
     0.173899    0.095235
     0.172240    0.094958
     0.170581    0.094675
     0.168922    0.094388
     0.167263    0.094095
     0.165603    0.093798
     0.163944    0.093495
     0.162285    0.093187
     0.160626    0.092873
     0.158966    0.092554
     0.157307    0.092230
     0.155648    0.091900
     0.153989    0.091565
     0.152330    0.091223
     0.150670    0.090877
     0.149011    0.090524
     0.147352    0.090165
     0.145693    0.089801
     0.144034    0.089430
     0.142374    0.089054
     0.140715    0.088671
     0.139056    0.088282
     0.137397    0.087887
     0.135737    0.087485
     0.134078    0.087077
     0.132419    0.086662
     0.130760    0.086241
     0.129101    0.085813
     0.127441    0.085378
     0.125782    0.084936
     0.124123    0.084487
     0.122464    0.084031
     0.120804    0.083568
     0.119145    0.083098
     0.117486    0.082620
     0.115827    0.082135
     0.114168    0.081642
     0.112508    0.081142
     0.110849    0.080634
     0.109190    0.080118
     0.107531    0.079594
     0.105872    0.079061
     0.104212    0.078521
     0.102553    0.077972
     0.100894    0.077415
     0.099235    0.076849
     0.097575    0.076275
     0.095916    0.075691
     0.094257    0.075099
     0.092598    0.074497
     0.090939    0.073886
     0.089279    0.073266
     0.087620    0.072635
     0.085961    0.071995
     0.084302    0.071345
     0.082642    0.070685
     0.080983    0.070015
     0.079324    0.069334
     0.077665    0.068642
     0.076006    0.067939
     0.074346    0.067225
     0.072687    0.066499
     0.071028    0.065762
     0.069369    0.065012
     0.067709    0.064250
     0.066050    0.063476
     0.064391    0.062689
     0.062732    0.061888
     0.061073    0.061074
     0.059413    0.060246
     0.057754    0.059403
     0.056095    0.058545
     0.054436    0.057673
     0.052777    0.056784
     0.051117    0.055878
     0.049458    0.054956
     0.047799    0.054016
     0.046140    0.053057
     0.044480    0.052080
     0.042821    0.051082
     0.041162    0.050063
     0.039503    0.049023
     0.037844    0.047959
     0.036184    0.046870
     0.034525    0.045756
     0.032866    0.044614
     0.031207    0.043443
     0.029547    0.042240
     0.027888    0.041004
     0.026229    0.039731
     0.024570    0.038418
     0.022911    0.037062
     0.021251    0.035657
     0.019592    0.034199
     0.017933    0.032680
     0.016274    0.031093
     0.014615    0.029427
     0.012955    0.027669
     0.011296    0.025799
     0.009637    0.023794
     0.007978    0.021615
     0.006318    0.019204
     0.004659    0.016463
     0.003000    0.013187
     0.002667    0.012428
     0.002333    0.011621
     0.002000    0.010755
     0.001667    0.009814
     0.001333    0.008775
     0.001000    0.007596
     0.000667    0.006200
     0.000333    0.004382
     0.000000    0.000000
     0.000333    -0.003434
     0.000667    -0.004836
     0.001000    -0.005899
     0.001333    -0.006783
     0.001667    -0.007551
     0.002000    -0.008237
     0.002333    -0.008860
     0.002667    -0.009432
     0.003000    -0.009962
     0.004659    -0.012155
     0.006318    -0.013856
     0.007978    -0.015239
     0.009637    -0.016390
     0.011296    -0.017362
     0.012955    -0.018189
     0.014615    -0.018895
     0.016274    -0.019498
     0.017933    -0.020012
     0.019592    -0.020447
     0.021251    -0.020812
     0.022911    -0.021114
     0.024570    -0.021360
     0.026229    -0.021554
     0.027888    -0.021702
     0.029547    -0.021806
     0.031207    -0.021872
     0.032866    -0.021900
     0.034525    -0.021895
     0.036184    -0.021859
     0.037844    -0.021794
     0.039503    -0.021701
     0.041162    -0.021583
     0.042821    -0.021442
     0.044480    -0.021278
     0.046140    -0.021094
     0.047799    -0.020890
     0.049458    -0.020668
     0.051117    -0.020429
     0.052777    -0.020174
     0.054436    -0.019903
     0.056095    -0.019619
     0.057754    -0.019321
     0.059413    -0.019011
     0.061073    -0.018689
     0.062732    -0.018356
     0.064391    -0.018013
     0.066050    -0.017659
     0.067709    -0.017297
     0.069369    -0.016926
     0.071028    -0.016546
     0.072687    -0.016159
     0.074346    -0.015765
     0.076006    -0.015365
     0.077665    -0.014958
     0.079324    -0.014545
     0.080983    -0.014126
     0.082642    -0.013703
     0.084302    -0.013274
     0.085961    -0.012842
     0.087620    -0.012405
     0.089279    -0.011964
     0.090939    -0.011519
     0.092598    -0.011072
     0.094257    -0.010621
     0.095916    -0.010167
     0.097575    -0.009711
     0.099235    -0.009253
     0.100894    -0.008792
     0.102553    -0.008330
     0.104212    -0.007865
     0.105872    -0.007400
     0.107531    -0.006932
     0.109190    -0.006464
     0.110849    -0.005994
     0.112508    -0.005524
     0.114168    -0.005053
     0.115827    -0.004581
     0.117486    -0.004108
     0.119145    -0.003636
     0.120804    -0.003163
     0.122464    -0.002689
     0.124123    -0.002216
     0.125782    -0.001743
     0.127441    -0.001270
     0.129101    -0.000797
     0.130760    -0.000325
     0.132419    0.000147
     0.134078    0.000619
     0.135737    0.001090
     0.137397    0.001560
     0.139056    0.002029
     0.140715    0.002498
     0.142374    0.002966
     0.144034    0.003433
     0.145693    0.003900
     0.147352    0.004365
     0.149011    0.004829
     0.150670    0.005292
     0.152330    0.005754
     0.153989    0.006214
     0.155648    0.006674
     0.157307    0.007132
     0.158966    0.007589
     0.160626    0.008045
     0.162285    0.008499
     0.163944    0.008952
     0.165603    0.009404
     0.167263    0.009854
     0.168922    0.010302
     0.170581    0.010750
     0.172240    0.011195
     0.173899    0.011640
     0.175559    0.012082
     0.177218    0.012524
     0.178877    0.012963
     0.180536    0.013401
     0.182196    0.013838
     0.183855    0.014273
     0.185514    0.014706
     0.187173    0.015138
     0.188832    0.015568
     0.190492    0.015997
     0.192151    0.016424
     0.193810    0.016849
     0.195469    0.017273
     0.197128    0.017695
     0.198788    0.018116
     0.200447    0.018535
     0.202106    0.018952
     0.203765    0.019368
     0.205425    0.019782
     0.207084    0.020194
     0.208743    0.020605
     0.210402    0.021014
     0.212061    0.021421
     0.213721    0.021827
     0.215380    0.022232
     0.217039    0.022634
     0.218698    0.023035
     0.220358    0.023435
     0.222017    0.023833
     0.223676    0.024229
     0.225335    0.024623
     0.226994    0.025016
     0.228654    0.025408
     0.230313    0.025798
     0.231972    0.026186
     0.233631    0.026573
     0.235291    0.026958
     0.236950    0.027342
     0.238609    0.027724
     0.240268    0.028104
     0.241927    0.028483
     0.243587    0.028861
     0.245246    0.029236
     0.246905    0.029611
     0.248564    0.029984
     0.250223    0.030355
     0.251883    0.030725
     0.253542    0.031093
     0.255201    0.031460
     0.256860    0.031825
     0.258520    0.032188
     0.260179    0.032551
     0.261838    0.032911
     0.263497    0.033271
     0.265156    0.033628
     0.266816    0.033984
     0.268475    0.034339
     0.270134    0.034692
     0.271793    0.035044
     0.273453    0.035395
     0.275112    0.035743
     0.276771    0.036091
     0.278430    0.036437
     0.280089    0.036781
     0.281749    0.037124
     0.283408    0.037465
     0.285067    0.037805
     0.286726    0.038144
     0.288385    0.038481
     0.290045    0.038816
     0.291704    0.039151
     0.293363    0.039483
     0.295022    0.039814
     0.296682    0.040144
     0.298341    0.040472
     0.300000    0.040799
     0.317949    0.044238
     0.335897    0.047497
     0.353846    0.050569
     0.371795    0.053439
     0.389744    0.056091
     0.407692    0.058508
     0.425641    0.060667
     0.443590    0.062549
     0.461538    0.064131
     0.479487    0.065393
     0.497436    0.066317
     0.515385    0.066886
     0.533333    0.067089
     0.551282    0.066918
     0.569231    0.066369
     0.587179    0.065445
     0.605128    0.064155
     0.623077    0.062512
     0.641026    0.060536
     0.658974    0.058253
     0.676923    0.055696
     0.694872    0.052900
     0.712821    0.049907
     0.730769    0.046761
     0.748718    0.043509
     0.766667    0.040197
     0.784615    0.036872
     0.802564    0.033576
     0.820513    0.030346
     0.838462    0.027213
     0.856410    0.024194
     0.874359    0.021294
     0.892308    0.018501
     0.910256    0.015779
     0.928205    0.013070
     0.946154    0.010282
     0.964103    0.007292
     0.982051    0.003935
     1.000000    0.000000
