                                                
 Alfa =   0.00000 Re =        0.000 Xflap,Yflap =     0.000000    0.000000
#    x        y        Cp  
   1.00000  0.00008  0.11184
   0.98205  0.00089  0.11648
   0.96410  0.00195  0.10755
   0.94616  0.00324  0.09774
   0.92821  0.00475  0.08725
   0.91026  0.00646  0.07682
   0.89231  0.00834  0.04761
   0.87436  0.01036  0.02977
   0.85642  0.01250  0.00987
   0.83847  0.01473 -0.01316
   0.82052  0.01703 -0.04750
   0.80257  0.01935 -0.06016
   0.78462  0.02168 -0.10285
   0.76668  0.02399 -0.12392
   0.74873  0.02625 -0.15087
   0.73078  0.02843 -0.18428
   0.71283  0.03051 -0.20904
   0.69489  0.03246 -0.24108
   0.67694  0.03427 -0.26065
   0.65899  0.03591 -0.28550
   0.64104  0.03737 -0.30793
   0.62309  0.03863 -0.32115
   0.60514  0.03969 -0.33211
   0.58720  0.04052 -0.35467
   0.56925  0.04113 -0.35638
   0.55130  0.04151 -0.36030
   0.53335  0.04166 -0.37182
   0.51541  0.04157 -0.35352
   0.49746  0.04126 -0.36117
   0.47951  0.04072 -0.34349
   0.46156  0.03996 -0.33576
   0.44361  0.03900 -0.31730
   0.42567  0.03785 -0.30127
   0.40772  0.03651 -0.28136
   0.38977  0.03500 -0.26081
   0.37182  0.03335 -0.23796
   0.35387  0.03156 -0.21227
   0.33593  0.02967 -0.18632
   0.31798  0.02767 -0.16511
   0.30003  0.02561 -0.13404
   0.29837  0.02542 -0.14057
   0.29671  0.02523 -0.12524
   0.29505  0.02503 -0.14379
   0.29339  0.02484 -0.11145
   0.29173  0.02464 -0.12292
   0.29008  0.02445 -0.16370
   0.28842  0.02425 -0.10220
   0.28676  0.02405 -0.11708
   0.28510  0.02386 -0.10774
   0.28344  0.02366 -0.11157
   0.28178  0.02346 -0.11615
   0.28012  0.02327 -0.11192
   0.27846  0.02307 -0.09171
   0.27680  0.02287 -0.11434
   0.27514  0.02268 -0.11966
   0.27348  0.02248 -0.10421
   0.27182  0.02228 -0.09209
   0.27017  0.02208 -0.07936
   0.26851  0.02188 -0.10805
   0.26685  0.02168 -0.07371
   0.26519  0.02149 -0.11239
   0.26353  0.02129 -0.09520
   0.26187  0.02109 -0.07049
   0.26021  0.02089 -0.10133
   0.25855  0.02069 -0.05523
   0.25689  0.02049 -0.10263
   0.25523  0.02029 -0.06596
   0.25357  0.02010 -0.06630
   0.25191  0.01990 -0.08082
   0.25025  0.01970 -0.07941
   0.24860  0.01950 -0.05347
   0.24694  0.01930 -0.06964
   0.24528  0.01910 -0.07138
   0.24362  0.01891 -0.05682
   0.24196  0.01871 -0.06458
   0.24030  0.01851 -0.05343
   0.23864  0.01831 -0.04896
   0.23698  0.01812 -0.04031
   0.23532  0.01792 -0.06372
   0.23366  0.01772 -0.04543
   0.23200  0.01752 -0.05650
   0.23035  0.01733 -0.04000
   0.22869  0.01713 -0.04477
   0.22703  0.01694 -0.04772
   0.22537  0.01674 -0.02273
   0.22371  0.01655 -0.04659
   0.22205  0.01635 -0.02480
   0.22039  0.01616 -0.04747
   0.21873  0.01596 -0.02023
   0.21707  0.01577 -0.03035
   0.21541  0.01558 -0.02478
   0.21375  0.01538 -0.02756
   0.21209  0.01519 -0.03008
   0.21044  0.01500 -0.01169
   0.20878  0.01481 -0.02216
   0.20712  0.01462 -0.00692
   0.20546  0.01443 -0.02679
   0.20380  0.01424 -0.00021
   0.20214  0.01405 -0.02165
   0.20048  0.01386 -0.00834
   0.19882  0.01367 -0.00058
   0.19716  0.01348 -0.01242
   0.19550  0.01329  0.00437
   0.19384  0.01311 -0.00003
   0.19219  0.01292 -0.01543
   0.19053  0.01274  0.02522
   0.18887  0.01255 -0.02043
   0.18721  0.01237  0.01701
   0.18555  0.01219  0.01083
   0.18389  0.01200  0.00846
   0.18223  0.01182  0.01629
   0.18057  0.01164  0.00686
   0.17891  0.01146  0.01165
   0.17725  0.01128  0.01731
   0.17559  0.01110  0.02255
   0.17393  0.01092  0.01150
   0.17228  0.01075  0.03653
   0.17062  0.01057  0.01342
   0.16896  0.01040  0.02859
   0.16730  0.01022  0.02446
   0.16564  0.01005  0.02025
   0.16398  0.00988  0.04482
   0.16232  0.00970  0.01098
   0.16066  0.00953  0.04999
   0.15900  0.00936  0.03003
   0.15734  0.00920  0.03218
   0.15568  0.00903  0.03523
   0.15402  0.00886  0.03470
   0.15237  0.00870  0.04928
   0.15071  0.00853  0.03349
   0.14905  0.00837  0.04652
   0.14739  0.00820  0.05093
   0.14573  0.00804  0.03661
   0.14407  0.00788  0.04889
   0.14241  0.00772  0.04848
   0.14075  0.00756  0.05528
   0.13909  0.00741  0.04709
   0.13743  0.00725  0.05727
   0.13577  0.00710  0.05131
   0.13411  0.00694  0.05661
   0.13246  0.00679  0.05453
   0.13080  0.00664  0.06056
   0.12914  0.00649  0.05447
   0.12748  0.00634  0.07133
   0.12582  0.00620  0.05755
   0.12416  0.00605  0.05745
   0.12250  0.00591  0.06971
   0.12084  0.00576  0.06256
   0.11918  0.00562  0.06946
   0.11752  0.00548  0.06647
   0.11586  0.00534  0.07195
   0.11421  0.00520  0.06578
   0.11255  0.00507  0.07446
   0.11089  0.00493  0.06825
   0.10923  0.00480  0.07545
   0.10757  0.00467  0.07583
   0.10591  0.00454  0.06825
   0.10425  0.00441  0.07966
   0.10259  0.00428  0.07554
   0.10093  0.00416  0.07702
   0.09927  0.00403  0.08326
   0.09761  0.00391  0.07251
   0.09595  0.00379  0.08171
   0.09430  0.00367  0.08474
   0.09264  0.00355  0.08275
   0.09098  0.00343  0.08144
   0.08932  0.00332  0.08041
   0.08766  0.00321  0.08698
   0.08600  0.00310  0.08126
   0.08434  0.00299  0.08742
   0.08268  0.00288  0.08412
   0.08102  0.00277  0.08861
   0.07936  0.00267  0.08463
   0.07770  0.00257  0.08680
   0.07605  0.00247  0.08307
   0.07439  0.00237  0.09018
   0.07273  0.00227  0.08672
   0.07107  0.00218  0.09183
   0.06941  0.00209  0.08147
   0.06775  0.00200  0.09425
   0.06609  0.00191  0.08817
   0.06443  0.00182  0.08405
   0.06277  0.00173  0.09254
   0.06111  0.00165  0.08895
   0.05945  0.00157  0.08658
   0.05779  0.00149  0.08615
   0.05614  0.00142  0.08996
   0.05448  0.00134  0.08712
   0.05282  0.00127  0.08751
   0.05116  0.00120  0.08618
   0.04950  0.00113  0.08357
   0.04784  0.00106  0.08786
   0.04618  0.00100  0.08517
   0.04452  0.00094  0.08286
   0.04286  0.00088  0.08209
   0.04120  0.00082  0.08289
   0.03954  0.00076  0.08031
   0.03788  0.00071  0.07818
   0.03622  0.00066  0.07853
   0.03457  0.00061  0.07502
   0.03291  0.00056  0.07425
   0.03125  0.00052  0.07243
   0.02959  0.00047  0.07089
   0.02793  0.00043  0.06813
   0.02627  0.00040  0.06383
   0.02461  0.00036  0.06220
   0.02295  0.00033  0.05942
   0.02129  0.00029  0.05530
   0.01963  0.00027  0.04962
   0.01797  0.00024  0.04738
   0.01632  0.00021  0.04050
   0.01466  0.00019  0.03597
   0.01300  0.00017  0.02682
   0.01134  0.00015  0.01816
   0.00968  0.00013  0.00612
   0.00802  0.00012 -0.00854
   0.00636  0.00011 -0.03097
   0.00470  0.00010 -0.06131
   0.00304  0.00009 -0.11989
   0.00271  0.00009 -0.14356
   0.00238  0.00008 -0.15138
   0.00204  0.00008 -0.19815
   0.00171  0.00008 -0.22245
   0.00138  0.00008 -0.27669
   0.00104  0.00008 -0.31944
   0.00071  0.00008 -0.50255
   0.00038  0.00008  0.26837
   0.00004  0.00008 -4.92606
   0.00038 -0.00061  0.44756
   0.00071 -0.00089  0.61952
   0.00104 -0.00110  0.40764
   0.00138 -0.00128  0.29961
   0.00171 -0.00143  0.22032
   0.00204 -0.00157  0.15382
   0.00238 -0.00169  0.11334
   0.00271 -0.00181  0.06335
   0.00304 -0.00191  0.03283
   0.00470 -0.00235 -0.06882
   0.00636 -0.00269 -0.11785
   0.00802 -0.00297 -0.14516
   0.00968 -0.00320 -0.16697
   0.01134 -0.00339 -0.17414
   0.01300 -0.00355 -0.18455
   0.01466 -0.00369 -0.19020
   0.01632 -0.00380 -0.19146
   0.01797 -0.00390 -0.19311
   0.01963 -0.00398 -0.19285
   0.02129 -0.00405 -0.19142
   0.02295 -0.00410 -0.19097
   0.02461 -0.00414 -0.18953
   0.02627 -0.00417 -0.18506
   0.02793 -0.00419 -0.18263
   0.02959 -0.00419 -0.17979
   0.03125 -0.00419 -0.17805
   0.03291 -0.00418 -0.17128
   0.03457 -0.00417 -0.16945
   0.03622 -0.00414 -0.16788
   0.03788 -0.00411 -0.15687
   0.03954 -0.00407 -0.15765
   0.04120 -0.00403 -0.15132
   0.04286 -0.00398 -0.14897
   0.04452 -0.00393 -0.14317
   0.04618 -0.00387 -0.13959
   0.04784 -0.00380 -0.13469
   0.04950 -0.00373 -0.13073
   0.05116 -0.00366 -0.12271
   0.05282 -0.00358 -0.12495
   0.05448 -0.00350 -0.11532
   0.05614 -0.00342 -0.11092
   0.05779 -0.00333 -0.10891
   0.05945 -0.00324 -0.10318
   0.06111 -0.00314 -0.09868
   0.06277 -0.00305 -0.09666
   0.06443 -0.00295 -0.08560
   0.06609 -0.00284 -0.08814
   0.06775 -0.00274 -0.08371
   0.06941 -0.00263 -0.07718
   0.07107 -0.00252 -0.07209
   0.07273 -0.00241 -0.06809
   0.07439 -0.00230 -0.06795
   0.07605 -0.00218 -0.05805
   0.07770 -0.00207 -0.06000
   0.07936 -0.00195 -0.04946
   0.08102 -0.00183 -0.05073
   0.08268 -0.00171 -0.04784
   0.08434 -0.00159 -0.04200
   0.08600 -0.00146 -0.03607
   0.08766 -0.00134 -0.03545
   0.08932 -0.00121 -0.02828
   0.09098 -0.00109 -0.02588
   0.09264 -0.00096 -0.02184
   0.09430 -0.00083 -0.02099
   0.09595 -0.00070 -0.02077
   0.09761 -0.00058 -0.00704
   0.09927 -0.00045 -0.01547
   0.10093 -0.00032 -0.00043
   0.10259 -0.00019 -0.00373
   0.10425 -0.00006 -0.00166
   0.10591  0.00007  0.00457
   0.10757  0.00021  0.00415
   0.10923  0.00034  0.01234
   0.11089  0.00047  0.01363
   0.11255  0.00060  0.01204
   0.11421  0.00073  0.02499
   0.11586  0.00086  0.01910
   0.11752  0.00099  0.02556
   0.11918  0.00112  0.02638
   0.12084  0.00125  0.02371
   0.12250  0.00138  0.03573
   0.12416  0.00151  0.03087
   0.12582  0.00164  0.04755
   0.12748  0.00177  0.03614
   0.12914  0.00190  0.04408
   0.13080  0.00203  0.04733
   0.13246  0.00216  0.03933
   0.13411  0.00229  0.05701
   0.13577  0.00242  0.05098
   0.13743  0.00254  0.05281
   0.13909  0.00267  0.06402
   0.14075  0.00279  0.05200
   0.14241  0.00292  0.06069
   0.14407  0.00304  0.07030
   0.14573  0.00317  0.06291
   0.14739  0.00329  0.06868
   0.14905  0.00341  0.07341
   0.15071  0.00354  0.07337
   0.15237  0.00366  0.05878
   0.15402  0.00378  0.08701
   0.15568  0.00390  0.07341
   0.15734  0.00402  0.08873
   0.15900  0.00413  0.07529
   0.16066  0.00425  0.08101
   0.16232  0.00437  0.09134
   0.16398  0.00448  0.08259
   0.16564  0.00460  0.08671
   0.16730  0.00471  0.08802
   0.16896  0.00482  0.09079
   0.17062  0.00493  0.09758
   0.17228  0.00505  0.09502
   0.17393  0.00516  0.09981
   0.17559  0.00526  0.09717
   0.17725  0.00537  0.10208
   0.17891  0.00548  0.10470
   0.18057  0.00559  0.09746
   0.18223  0.00569  0.10624
   0.18389  0.00579  0.10131
   0.18555  0.00590  0.11454
   0.18721  0.00600  0.09561
   0.18887  0.00610  0.12891
   0.19053  0.00620  0.10116
   0.19219  0.00630  0.10749
   0.19384  0.00640  0.12225
   0.19550  0.00649  0.11002
   0.19716  0.00659  0.11856
   0.19882  0.00668  0.11353
   0.20048  0.00677  0.11931
   0.20214  0.00687  0.13027
   0.20380  0.00696  0.11143
   0.20546  0.00705  0.13600
   0.20712  0.00713  0.10200
   0.20878  0.00722  0.14074
   0.21044  0.00731  0.11950
   0.21209  0.00739  0.12602
   0.21375  0.00748  0.12019
   0.21541  0.00756  0.13880
   0.21707  0.00764  0.12385
   0.21873  0.00772  0.12527
   0.22039  0.00780  0.14240
   0.22205  0.00788  0.12846
   0.22371  0.00796  0.12404
   0.22537  0.00803  0.13355
   0.22703  0.00811  0.13401
   0.22869  0.00818  0.14063
   0.23035  0.00825  0.14169
   0.23200  0.00832  0.15055
   0.23366  0.00839  0.11719
   0.23532  0.00846  0.15228
   0.23698  0.00852  0.12849
   0.23864  0.00859  0.13581
   0.24030  0.00865  0.14962
   0.24196  0.00872  0.14263
   0.24362  0.00878  0.13781
   0.24528  0.00884  0.14941
   0.24694  0.00890  0.15032
   0.24860  0.00896  0.12944
   0.25025  0.00901  0.15462
   0.25191  0.00907  0.15787
   0.25357  0.00912  0.13285
   0.25523  0.00917  0.14594
   0.25689  0.00922  0.13874
   0.25855  0.00927  0.16714
   0.26021  0.00932  0.13967
   0.26187  0.00937  0.13250
   0.26353  0.00942  0.15299
   0.26519  0.00946  0.17627
   0.26685  0.00950  0.12749
   0.26851  0.00954  0.15199
   0.27017  0.00959  0.16259
   0.27182  0.00962  0.15947
   0.27348  0.00966  0.12232
   0.27514  0.00970  0.17246
   0.27680  0.00973  0.15750
   0.27846  0.00977  0.15634
   0.28012  0.00980  0.15371
   0.28178  0.00983  0.16073
   0.28344  0.00986  0.13106
   0.28510  0.00989  0.15682
   0.28676  0.00991  0.16303
   0.28842  0.00994  0.12565
   0.29008  0.00996  0.17985
   0.29173  0.00999  0.16295
   0.29339  0.01001  0.15538
   0.29505  0.01003  0.13381
   0.29671  0.01004  0.17131
   0.29837  0.01006  0.15844
   0.30003  0.01008  0.15674
   0.31798  0.01016  0.15784
   0.33593  0.01007  0.15480
   0.35387  0.00983  0.14989
   0.37182  0.00943  0.14387
   0.38977  0.00889  0.13726
   0.40772  0.00822  0.12467
   0.42567  0.00744  0.11495
   0.44361  0.00655  0.10231
   0.46156  0.00559  0.08792
   0.47951  0.00457  0.06978
   0.49746  0.00352  0.05696
   0.51541  0.00247  0.03336
   0.53335  0.00142  0.03019
   0.55130  0.00041  0.00621
   0.56925 -0.00054 -0.00723
   0.58720 -0.00142 -0.02123
   0.60514 -0.00220 -0.02959
   0.62309 -0.00288 -0.03993
   0.64104 -0.00344 -0.04781
   0.65899 -0.00388 -0.04747
   0.67694 -0.00420 -0.05773
   0.69489 -0.00438 -0.04812
   0.71283 -0.00444 -0.05123
   0.73078 -0.00439 -0.04192
   0.74873 -0.00422 -0.03703
   0.76668 -0.00396 -0.03288
   0.78462 -0.00362 -0.01105
   0.80257 -0.00322 -0.01136
   0.82052 -0.00278  0.01387
   0.83847 -0.00231  0.01334
   0.85642 -0.00185  0.03329
   0.87436 -0.00140  0.03940
   0.89231 -0.00099  0.05347
   0.91026 -0.00063  0.06338
   0.92821 -0.00035  0.06681
   0.94616 -0.00014  0.08269
   0.96410 -0.00000  0.07739
   0.98205  0.00006  0.08815
   1.00000  0.00008  0.11184
