                                                
 Alfa =   0.00000 Re =        0.000 Xflap,Yflap =     0.000000    0.000000
#    x        y        Cp  
   1.00515 -0.00003  0.40241
   0.99519  0.00204  0.18348
   0.98523  0.00407  0.13052
   0.97526  0.00608  0.09231
   0.96529  0.00806  0.06332
   0.95531  0.01001  0.03853
   0.94533  0.01194  0.01755
   0.93535  0.01384 -0.00256
   0.92536  0.01571 -0.01947
   0.91537  0.01756 -0.03626
   0.90538  0.01938 -0.05112
   0.89538  0.02117 -0.06520
   0.88538  0.02295 -0.07895
   0.87537  0.02469 -0.09138
   0.86536  0.02641 -0.10370
   0.85535  0.02811 -0.11546
   0.84533  0.02978 -0.12621
   0.83531  0.03142 -0.13752
   0.82529  0.03304 -0.14754
   0.81527  0.03464 -0.15797
   0.80524  0.03621 -0.16746
   0.79521  0.03776 -0.17774
   0.78517  0.03928 -0.18628
   0.77514  0.04078 -0.19605
   0.76510  0.04226 -0.20464
   0.75505  0.04371 -0.21360
   0.74501  0.04513 -0.22201
   0.73496  0.04653 -0.23077
   0.72491  0.04791 -0.23899
   0.71485  0.04926 -0.24711
   0.70479  0.05059 -0.25573
   0.69473  0.05189 -0.26323
   0.68467  0.05316 -0.27136
   0.67461  0.05441 -0.27942
   0.66454  0.05564 -0.28696
   0.65447  0.05684 -0.29495
   0.64440  0.05801 -0.30261
   0.63432  0.05915 -0.31047
   0.62425  0.06027 -0.31798
   0.61417  0.06136 -0.32568
   0.60409  0.06243 -0.33303
   0.59400  0.06346 -0.34084
   0.58392  0.06447 -0.34817
   0.57383  0.06545 -0.35580
   0.56374  0.06640 -0.36336
   0.55365  0.06732 -0.37073
   0.54355  0.06821 -0.37876
   0.53346  0.06907 -0.38586
   0.52336  0.06990 -0.39391
   0.51326  0.07069 -0.40111
   0.50316  0.07145 -0.40879
   0.49305  0.07218 -0.41689
   0.48295  0.07288 -0.42419
   0.47284  0.07354 -0.43230
   0.46274  0.07417 -0.44020
   0.45263  0.07476 -0.44844
   0.44252  0.07531 -0.45647
   0.43241  0.07582 -0.46533
   0.42229  0.07630 -0.47353
   0.41218  0.07674 -0.48331
   0.40207  0.07713 -0.49527
   0.39187  0.07748 -0.50526
   0.38167  0.07777 -0.51445
   0.37147  0.07800 -0.52247
   0.36127  0.07817 -0.53001
   0.35107  0.07828 -0.53719
   0.34087  0.07832 -0.54455
   0.33066  0.07830 -0.55027
   0.32046  0.07822 -0.55633
   0.31026  0.07807 -0.56252
   0.30006  0.07785 -0.56746
   0.28986  0.07756 -0.57229
   0.27966  0.07720 -0.57699
   0.26946  0.07676 -0.58094
   0.25927  0.07625 -0.58448
   0.24908  0.07565 -0.58759
   0.23889  0.07497 -0.59071
   0.22871  0.07421 -0.59320
   0.21853  0.07336 -0.59430
   0.20835  0.07241 -0.59592
   0.19818  0.07138 -0.59632
   0.18802  0.07024 -0.59628
   0.17787  0.06899 -0.59560
   0.16772  0.06764 -0.59387
   0.15759  0.06617 -0.59168
   0.14746  0.06457 -0.58781
   0.13735  0.06285 -0.58326
   0.12725  0.06098 -0.57782
   0.11716  0.05897 -0.56987
   0.10709  0.05679 -0.56152
   0.09704  0.05443 -0.55003
   0.08701  0.05188 -0.53594
   0.07701  0.04910 -0.51912
   0.06704  0.04606 -0.49773
   0.05710  0.04272 -0.47035
   0.04720  0.03901 -0.43458
   0.03735  0.03484 -0.38390
   0.02758  0.03003 -0.31552
   0.01792  0.02428 -0.16709
   0.00845  0.01674 -0.12524
   0.00006 -0.00129  0.99549
   0.01177 -0.01734 -0.20437
   0.02241 -0.02294 -0.15846
   0.03284 -0.02681 -0.25002
   0.04317 -0.02978 -0.27206
   0.05343 -0.03217 -0.28398
   0.06363 -0.03414 -0.28756
   0.07379 -0.03580 -0.28669
   0.08391 -0.03720 -0.28303
   0.09401 -0.03840 -0.27785
   0.10408 -0.03943 -0.27208
   0.11413 -0.04030 -0.26526
   0.12416 -0.04105 -0.25796
   0.13418 -0.04168 -0.25069
   0.14418 -0.04221 -0.24234
   0.15416 -0.04266 -0.23542
   0.16414 -0.04302 -0.22761
   0.17410 -0.04331 -0.21981
   0.18406 -0.04353 -0.21237
   0.19400 -0.04370 -0.20460
   0.20394 -0.04381 -0.19714
   0.21388 -0.04387 -0.18999
   0.22380 -0.04388 -0.18230
   0.23372 -0.04385 -0.17581
   0.24364 -0.04379 -0.16845
   0.25355 -0.04368 -0.16165
   0.26346 -0.04355 -0.15490
   0.27337 -0.04339 -0.14853
   0.28327 -0.04320 -0.14215
   0.29317 -0.04298 -0.13573
   0.30307 -0.04275 -0.13023
   0.31297 -0.04249 -0.12431
   0.32287 -0.04221 -0.11849
   0.33277 -0.04192 -0.11291
   0.34266 -0.04161 -0.10829
   0.35256 -0.04128 -0.10307
   0.36246 -0.04095 -0.09829
   0.37236 -0.04060 -0.09403
   0.38226 -0.04025 -0.09035
   0.39216 -0.03988 -0.08652
   0.40207 -0.03951 -0.08408
   0.41205 -0.03913 -0.08316
   0.42204 -0.03872 -0.08012
   0.43203 -0.03830 -0.07680
   0.44201 -0.03787 -0.07289
   0.45200 -0.03742 -0.06913
   0.46199 -0.03695 -0.06527
   0.47199 -0.03647 -0.06141
   0.48198 -0.03597 -0.05712
   0.49198 -0.03547 -0.05333
   0.50197 -0.03495 -0.04920
   0.51197 -0.03442 -0.04497
   0.52197 -0.03388 -0.04124
   0.53198 -0.03334 -0.03670
   0.54198 -0.03278 -0.03279
   0.55199 -0.03221 -0.02868
   0.56200 -0.03164 -0.02494
   0.57200 -0.03106 -0.02044
   0.58202 -0.03047 -0.01675
   0.59203 -0.02987 -0.01256
   0.60205 -0.02927 -0.00892
   0.61207 -0.02867 -0.00459
   0.62209 -0.02806 -0.00094
   0.63211 -0.02744  0.00291
   0.64214 -0.02682  0.00717
   0.65216 -0.02620  0.01108
   0.66219 -0.02557  0.01457
   0.67223 -0.02493  0.01896
   0.68226 -0.02430  0.02252
   0.69230 -0.02366  0.02644
   0.70234 -0.02302  0.03059
   0.71238 -0.02237  0.03435
   0.72243 -0.02173  0.03840
   0.73248 -0.02107  0.04228
   0.74253 -0.02042  0.04649
   0.75258 -0.01977  0.05049
   0.76264 -0.01911  0.05473
   0.77270 -0.01845  0.05891
   0.78276 -0.01779  0.06309
   0.79283 -0.01713  0.06766
   0.80290 -0.01646  0.07239
   0.81297 -0.01579  0.07671
   0.82305 -0.01512  0.08175
   0.83312 -0.01445  0.08690
   0.84320 -0.01378  0.09225
   0.85329 -0.01310  0.09739
   0.86338 -0.01242  0.10370
   0.87347 -0.01174  0.10968
   0.88356 -0.01105  0.11648
   0.89366 -0.01037  0.12377
   0.90376 -0.00968  0.13149
   0.91387 -0.00898  0.14029
   0.92398 -0.00829  0.15009
   0.93409 -0.00758  0.16137
   0.94420 -0.00688  0.17438
   0.95433 -0.00617  0.18974
   0.96445 -0.00546  0.20938
   0.97458 -0.00474  0.23659
   0.98471 -0.00402  0.26995
   0.99485 -0.00329  0.40241
