                                                
 Alfa =  15.00000 Re =        0.000 Xflap,Yflap =     0.000000    0.000000
#    x        y        Cp  
   1.00515 -0.00003  0.47516
   0.99519  0.00204  0.21498
   0.98523  0.00407  0.15202
   0.97526  0.00608  0.09924
   0.96529  0.00806  0.05818
   0.95531  0.01001  0.02076
   0.94533  0.01194 -0.01138
   0.93535  0.01384 -0.04280
   0.92536  0.01571 -0.07121
   0.91537  0.01756 -0.09912
   0.90538  0.01938 -0.12443
   0.89538  0.02117 -0.14999
   0.88538  0.02295 -0.17420
   0.87537  0.02469 -0.19738
   0.86536  0.02641 -0.22070
   0.85535  0.02811 -0.24290
   0.84533  0.02978 -0.26456
   0.83531  0.03142 -0.28725
   0.82529  0.03304 -0.30778
   0.81527  0.03464 -0.32927
   0.80524  0.03621 -0.34972
   0.79521  0.03776 -0.37178
   0.78517  0.03928 -0.39089
   0.77514  0.04078 -0.41221
   0.76510  0.04226 -0.43253
   0.75505  0.04371 -0.45306
   0.74501  0.04513 -0.47343
   0.73496  0.04653 -0.49370
   0.72491  0.04791 -0.51462
   0.71485  0.04926 -0.53474
   0.70479  0.05059 -0.55578
   0.69473  0.05189 -0.57591
   0.68467  0.05316 -0.59682
   0.67461  0.05441 -0.61822
   0.66454  0.05564 -0.63911
   0.65447  0.05684 -0.66056
   0.64440  0.05801 -0.68208
   0.63432  0.05915 -0.70436
   0.62425  0.06027 -0.72579
   0.61417  0.06136 -0.74875
   0.60409  0.06243 -0.77066
   0.59400  0.06346 -0.79412
   0.58392  0.06447 -0.81716
   0.57383  0.06545 -0.84102
   0.56374  0.06640 -0.86476
   0.55365  0.06732 -0.88938
   0.54355  0.06821 -0.91454
   0.53346  0.06907 -0.93948
   0.52336  0.06990 -0.96616
   0.51326  0.07069 -0.99195
   0.50316  0.07145 -1.01914
   0.49305  0.07218 -1.04741
   0.48295  0.07288 -1.07526
   0.47284  0.07354 -1.10465
   0.46274  0.07417 -1.13462
   0.45263  0.07476 -1.16585
   0.44252  0.07531 -1.19747
   0.43241  0.07582 -1.23086
   0.42229  0.07630 -1.26486
   0.41218  0.07674 -1.30165
   0.40207  0.07713 -1.34286
   0.39187  0.07748 -1.38257
   0.38167  0.07777 -1.42263
   0.37147  0.07800 -1.46138
   0.36127  0.07817 -1.50086
   0.35107  0.07828 -1.54152
   0.34087  0.07832 -1.58327
   0.33066  0.07830 -1.62450
   0.32046  0.07822 -1.66772
   0.31026  0.07807 -1.71294
   0.30006  0.07785 -1.75805
   0.28986  0.07756 -1.80508
   0.27966  0.07720 -1.85412
   0.26946  0.07676 -1.90431
   0.25927  0.07625 -1.95654
   0.24908  0.07565 -2.01099
   0.23889  0.07497 -2.06866
   0.22871  0.07421 -2.12871
   0.21853  0.07336 -2.19036
   0.20835  0.07241 -2.25715
   0.19818  0.07138 -2.32708
   0.18802  0.07024 -2.40144
   0.17787  0.06899 -2.48102
   0.16772  0.06764 -2.56596
   0.15759  0.06617 -2.65834
   0.14746  0.06457 -2.75720
   0.13735  0.06285 -2.86591
   0.12725  0.06098 -2.98699
   0.11716  0.05897 -3.11872
   0.10709  0.05679 -3.26991
   0.09704  0.05443 -3.43955
   0.08701  0.05188 -3.63423
   0.07701  0.04910 -3.86465
   0.06704  0.04606 -4.13926
   0.05710  0.04272 -4.47528
   0.04720  0.03901 -4.90249
   0.03735  0.03484 -5.45995
   0.02758  0.03003 -6.26608
   0.01792  0.02428 -7.32106
   0.00845  0.01674-10.50156
   0.00006 -0.00129-12.82013
   0.01177 -0.01734 -0.48572
   0.02241 -0.02294  0.47872
   0.03284 -0.02681  0.81790
   0.04317 -0.02978  0.94431
   0.05343 -0.03217  0.99022
   0.06363 -0.03414  0.99997
   0.07379 -0.03580  0.99238
   0.08391 -0.03720  0.97623
   0.09401 -0.03840  0.95591
   0.10408 -0.03943  0.93384
   0.11413 -0.04030  0.91121
   0.12416 -0.04105  0.88881
   0.13418 -0.04168  0.86702
   0.14418 -0.04221  0.84618
   0.15416 -0.04266  0.82590
   0.16414 -0.04302  0.80683
   0.17410 -0.04331  0.78862
   0.18406 -0.04353  0.77135
   0.19400 -0.04370  0.75487
   0.20394 -0.04381  0.73941
   0.21388 -0.04387  0.72443
   0.22380 -0.04388  0.71059
   0.23372 -0.04385  0.69693
   0.24364 -0.04379  0.68440
   0.25355 -0.04368  0.67218
   0.26346 -0.04355  0.66066
   0.27337 -0.04339  0.64940
   0.28327 -0.04320  0.63897
   0.29317 -0.04298  0.62883
   0.30307 -0.04275  0.61883
   0.31297 -0.04249  0.60949
   0.32287 -0.04221  0.60043
   0.33277 -0.04192  0.59184
   0.34266 -0.04161  0.58309
   0.35256 -0.04128  0.57495
   0.36246 -0.04095  0.56701
   0.37236 -0.04060  0.55908
   0.38226 -0.04025  0.55132
   0.39216 -0.03988  0.54351
   0.40207 -0.03951  0.53573
   0.41205 -0.03913  0.52724
   0.42204 -0.03872  0.52003
   0.43203 -0.03830  0.51281
   0.44201 -0.03787  0.50648
   0.45200 -0.03742  0.49977
   0.46199 -0.03695  0.49371
   0.47199 -0.03647  0.48774
   0.48198 -0.03597  0.48199
   0.49198 -0.03547  0.47627
   0.50197 -0.03495  0.47097
   0.51197 -0.03442  0.46562
   0.52197 -0.03388  0.46036
   0.53198 -0.03334  0.45562
   0.54198 -0.03278  0.45087
   0.55199 -0.03221  0.44574
   0.56200 -0.03164  0.44127
   0.57200 -0.03106  0.43692
   0.58202 -0.03047  0.43234
   0.59203 -0.02987  0.42825
   0.60205 -0.02927  0.42364
   0.61207 -0.02867  0.41975
   0.62209 -0.02806  0.41551
   0.63211 -0.02744  0.41150
   0.64214 -0.02682  0.40788
   0.65216 -0.02620  0.40386
   0.66219 -0.02557  0.40000
   0.67223 -0.02493  0.39631
   0.68226 -0.02430  0.39278
   0.69230 -0.02366  0.38878
   0.70234 -0.02302  0.38599
   0.71238 -0.02237  0.38188
   0.72243 -0.02173  0.37869
   0.73248 -0.02107  0.37542
   0.74253 -0.02042  0.37195
   0.75258 -0.01977  0.36898
   0.76264 -0.01911  0.36557
   0.77270 -0.01845  0.36247
   0.78276 -0.01779  0.35944
   0.79283 -0.01713  0.35673
   0.80290 -0.01646  0.35398
   0.81297 -0.01579  0.35055
   0.82305 -0.01512  0.34853
   0.83312 -0.01445  0.34578
   0.84320 -0.01378  0.34356
   0.85329 -0.01310  0.34080
   0.86338 -0.01242  0.33935
   0.87347 -0.01174  0.33715
   0.88356 -0.01105  0.33569
   0.89366 -0.01037  0.33411
   0.90376 -0.00968  0.33361
   0.91387 -0.00898  0.33310
   0.92398 -0.00829  0.33332
   0.93409 -0.00758  0.33470
   0.94420 -0.00688  0.33706
   0.95433 -0.00617  0.34086
   0.96445 -0.00546  0.34792
   0.97458 -0.00474  0.36067
   0.98471 -0.00402  0.37738
   0.99485 -0.00329  0.47516
