                                                
 Alfa =  20.00000 Re =        0.000 Xflap,Yflap =     0.000000    0.000000
#    x        y        Cp  
   1.00515 -0.00003  0.51415
   0.99519  0.00204  0.24909
   0.98523  0.00407  0.18481
   0.97526  0.00608  0.12884
   0.96529  0.00806  0.08503
   0.95531  0.01001  0.04453
   0.94533  0.01194  0.00961
   0.93535  0.01384 -0.02470
   0.92536  0.01571 -0.05617
   0.91537  0.01756 -0.08704
   0.90538  0.01938 -0.11520
   0.89538  0.02117 -0.14395
   0.88538  0.02295 -0.17107
   0.87537  0.02469 -0.19731
   0.86536  0.02641 -0.22379
   0.85535  0.02811 -0.24900
   0.84533  0.02978 -0.27387
   0.83531  0.03142 -0.29993
   0.82529  0.03304 -0.32358
   0.81527  0.03464 -0.34839
   0.80524  0.03621 -0.37217
   0.79521  0.03776 -0.39781
   0.78517  0.03928 -0.42018
   0.77514  0.04078 -0.44506
   0.76510  0.04226 -0.46905
   0.75505  0.04371 -0.49319
   0.74501  0.04513 -0.51734
   0.73496  0.04653 -0.54125
   0.72491  0.04791 -0.56624
   0.71485  0.04926 -0.59022
   0.70479  0.05059 -0.61524
   0.69473  0.05189 -0.63949
   0.68467  0.05316 -0.66456
   0.67461  0.05441 -0.69034
   0.66454  0.05564 -0.71564
   0.65447  0.05684 -0.74154
   0.64440  0.05801 -0.76768
   0.63432  0.05915 -0.79478
   0.62425  0.06027 -0.82089
   0.61417  0.06136 -0.84902
   0.60409  0.06243 -0.87588
   0.59400  0.06346 -0.90467
   0.58392  0.06447 -0.93311
   0.57383  0.06545 -0.96257
   0.56374  0.06640 -0.99191
   0.55365  0.06732 -1.02255
   0.54355  0.06821 -1.05367
   0.53346  0.06907 -1.08489
   0.52336  0.06990 -1.11814
   0.51326  0.07069 -1.15054
   0.50316  0.07145 -1.18467
   0.49305  0.07218 -1.22015
   0.48295  0.07288 -1.25540
   0.47284  0.07354 -1.29248
   0.46274  0.07417 -1.33045
   0.45263  0.07476 -1.37006
   0.44252  0.07531 -1.41033
   0.43241  0.07582 -1.45272
   0.42229  0.07630 -1.49628
   0.41218  0.07674 -1.54304
   0.40207  0.07713 -1.59504
   0.39187  0.07748 -1.64585
   0.38167  0.07777 -1.69757
   0.37147  0.07800 -1.74801
   0.36127  0.07817 -1.79976
   0.35107  0.07828 -1.85337
   0.34087  0.07832 -1.90847
   0.33066  0.07830 -1.96367
   0.32046  0.07822 -2.02158
   0.31026  0.07807 -2.08232
   0.30006  0.07785 -2.14356
   0.28986  0.07756 -2.20765
   0.27966  0.07720 -2.27473
   0.26946  0.07676 -2.34392
   0.25927  0.07625 -2.41631
   0.24908  0.07565 -2.49217
   0.23889  0.07497 -2.57275
   0.22871  0.07421 -2.65721
   0.21853  0.07336 -2.74482
   0.20835  0.07241 -2.83970
   0.19818  0.07138 -2.93994
   0.18802  0.07024 -3.04702
   0.17787  0.06899 -3.16224
   0.16772  0.06764 -3.28609
   0.15759  0.06617 -3.42132
   0.14746  0.06457 -3.56734
   0.13735  0.06285 -3.72861
   0.12725  0.06098 -3.90906
   0.11716  0.05897 -4.10734
   0.10709  0.05679 -4.33539
   0.09704  0.05443 -4.59374
   0.08701  0.05188 -4.89234
   0.07701  0.04910 -5.24785
   0.06704  0.04606 -5.67518
   0.05710  0.04272 -6.20282
   0.04720  0.03901 -6.88022
   0.03735  0.03484 -7.77670
   0.02758  0.03003 -9.08611
   0.01792  0.02428-10.88965
   0.00845  0.01674-16.01067
   0.00006 -0.00129-23.35628
   0.01177 -0.01734 -2.92155
   0.02241 -0.02294 -0.73328
   0.03284 -0.02681  0.11564
   0.04317 -0.02978  0.52162
   0.05343 -0.03217  0.73757
   0.06363 -0.03414  0.85911
   0.07379 -0.03580  0.92891
   0.08391 -0.03720  0.96842
   0.09401 -0.03840  0.98935
   0.10408 -0.03943  0.99841
   0.11413 -0.04030  0.99978
   0.12416 -0.04105  0.99604
   0.13418 -0.04168  0.98891
   0.14418 -0.04221  0.97957
   0.15416 -0.04266  0.96864
   0.16414 -0.04302  0.95686
   0.17410 -0.04331  0.94447
   0.18406 -0.04353  0.93182
   0.19400 -0.04370  0.91896
   0.20394 -0.04381  0.90628
   0.21388 -0.04387  0.89349
   0.22380 -0.04388  0.88115
   0.23372 -0.04385  0.86871
   0.24364 -0.04379  0.85684
   0.25355 -0.04368  0.84502
   0.26346 -0.04355  0.83362
   0.27337 -0.04339  0.82228
   0.28327 -0.04320  0.81153
   0.29317 -0.04298  0.80090
   0.30307 -0.04275  0.79036
   0.31297 -0.04249  0.78029
   0.32287 -0.04221  0.77039
   0.33277 -0.04192  0.76087
   0.34266 -0.04161  0.75126
   0.35256 -0.04128  0.74207
   0.36246 -0.04095  0.73308
   0.37236 -0.04060  0.72410
   0.38226 -0.04025  0.71534
   0.39216 -0.03988  0.70642
   0.40207 -0.03951  0.69772
   0.41205 -0.03913  0.68848
   0.42204 -0.03872  0.68017
   0.43203 -0.03830  0.67175
   0.44201 -0.03787  0.66413
   0.45200 -0.03742  0.65608
   0.46199 -0.03695  0.64869
   0.47199 -0.03647  0.64135
   0.48198 -0.03597  0.63414
   0.49198 -0.03547  0.62702
   0.50197 -0.03495  0.62026
   0.51197 -0.03442  0.61339
   0.52197 -0.03388  0.60671
   0.53198 -0.03334  0.60040
   0.54198 -0.03278  0.59420
   0.55199 -0.03221  0.58749
   0.56200 -0.03164  0.58158
   0.57200 -0.03106  0.57562
   0.58202 -0.03047  0.56955
   0.59203 -0.02987  0.56392
   0.60205 -0.02927  0.55778
   0.61207 -0.02867  0.55231
   0.62209 -0.02806  0.54656
   0.63211 -0.02744  0.54100
   0.64214 -0.02682  0.53579
   0.65216 -0.02620  0.53019
   0.66219 -0.02557  0.52484
   0.67223 -0.02493  0.51946
   0.68226 -0.02430  0.51445
   0.69230 -0.02366  0.50879
   0.70234 -0.02302  0.50449
   0.71238 -0.02237  0.49869
   0.72243 -0.02173  0.49391
   0.73248 -0.02107  0.48904
   0.74253 -0.02042  0.48386
   0.75258 -0.01977  0.47930
   0.76264 -0.01911  0.47414
   0.77270 -0.01845  0.46936
   0.78276 -0.01779  0.46463
   0.79283 -0.01713  0.46019
   0.80290 -0.01646  0.45564
   0.81297 -0.01579  0.45036
   0.82305 -0.01512  0.44659
   0.83312 -0.01445  0.44189
   0.84320 -0.01378  0.43775
   0.85329 -0.01310  0.43301
   0.86338 -0.01242  0.42955
   0.87347 -0.01174  0.42523
   0.88356 -0.01105  0.42159
   0.89366 -0.01037  0.41763
   0.90376 -0.00968  0.41489
   0.91387 -0.00898  0.41182
   0.92398 -0.00829  0.40936
   0.93409 -0.00758  0.40789
   0.94420 -0.00688  0.40714
   0.95433 -0.00617  0.40749
   0.96445 -0.00546  0.41067
   0.97458 -0.00474  0.41876
   0.98471 -0.00402  0.42998
   0.99485 -0.00329  0.51415
