                                                
 Alfa =  -5.00000 Re =        0.000 Xflap,Yflap =     0.000000    0.000000
#    x        y        Cp  
   1.00515 -0.00003  0.39536
   0.99519  0.00204  0.19765
   0.98523  0.00407  0.14969
   0.97526  0.00608  0.11753
   0.96529  0.00806  0.09342
   0.95531  0.01001  0.07354
   0.94533  0.01194  0.05684
   0.93535  0.01384  0.04101
   0.92536  0.01571  0.02832
   0.91537  0.01756  0.01559
   0.90538  0.01938  0.00452
   0.89538  0.02117 -0.00550
   0.88538  0.02295 -0.01554
   0.87537  0.02469 -0.02423
   0.86536  0.02641 -0.03274
   0.85535  0.02811 -0.04091
   0.84533  0.02978 -0.04796
   0.83531  0.03142 -0.05544
   0.82529  0.03304 -0.06194
   0.81527  0.03464 -0.06868
   0.80524  0.03621 -0.07455
   0.79521  0.03776 -0.08097
   0.78517  0.03928 -0.08608
   0.77514  0.04078 -0.09209
   0.76510  0.04226 -0.09693
   0.75505  0.04371 -0.10219
   0.74501  0.04513 -0.10681
   0.73496  0.04653 -0.11191
   0.72491  0.04791 -0.11617
   0.71485  0.04926 -0.12054
   0.70479  0.05059 -0.12530
   0.69473  0.05189 -0.12892
   0.68467  0.05316 -0.13312
   0.67461  0.05441 -0.13712
   0.66454  0.05564 -0.14062
   0.65447  0.05684 -0.14455
   0.64440  0.05801 -0.14806
   0.63432  0.05915 -0.15161
   0.62425  0.06027 -0.15499
   0.61417  0.06136 -0.15820
   0.60409  0.06243 -0.16128
   0.59400  0.06346 -0.16453
   0.58392  0.06447 -0.16732
   0.57383  0.06545 -0.17026
   0.56374  0.06640 -0.17319
   0.55365  0.06732 -0.17566
   0.54355  0.06821 -0.17880
   0.53346  0.06907 -0.18091
   0.52336  0.06990 -0.18372
   0.51326  0.07069 -0.18577
   0.50316  0.07145 -0.18805
   0.49305  0.07218 -0.19059
   0.48295  0.07288 -0.19230
   0.47284  0.07354 -0.19462
   0.46274  0.07417 -0.19656
   0.45263  0.07476 -0.19862
   0.44252  0.07531 -0.20038
   0.43241  0.07582 -0.20270
   0.42229  0.07630 -0.20414
   0.41218  0.07674 -0.20681
   0.40207  0.07713 -0.21103
   0.39187  0.07748 -0.21332
   0.38167  0.07777 -0.21462
   0.37147  0.07800 -0.21490
   0.36127  0.07817 -0.21449
   0.35107  0.07828 -0.21342
   0.34087  0.07832 -0.21238
   0.33066  0.07830 -0.20960
   0.32046  0.07822 -0.20683
   0.31026  0.07807 -0.20383
   0.30006  0.07785 -0.19948
   0.28986  0.07756 -0.19467
   0.27966  0.07720 -0.18934
   0.26946  0.07676 -0.18302
   0.25927  0.07625 -0.17590
   0.24908  0.07565 -0.16795
   0.23889  0.07497 -0.15946
   0.22871  0.07421 -0.14991
   0.21853  0.07336 -0.13865
   0.20835  0.07241 -0.12713
   0.19818  0.07138 -0.11383
   0.18802  0.07024 -0.09943
   0.17787  0.06899 -0.08359
   0.16772  0.06764 -0.06592
   0.15759  0.06617 -0.04674
   0.14746  0.06457 -0.02501
   0.13735  0.06285 -0.00133
   0.12725  0.06098  0.02481
   0.11716  0.05897  0.05461
   0.10709  0.05679  0.08707
   0.09704  0.05443  0.12447
   0.08701  0.05188  0.16677
   0.07701  0.04910  0.21497
   0.06704  0.04606  0.27097
   0.05710  0.04272  0.33672
   0.04720  0.03901  0.41532
   0.03735  0.03484  0.51185
   0.02758  0.03003  0.63039
   0.01792  0.02428  0.79186
   0.00845  0.01674  0.93253
   0.00006 -0.00129 -0.79715
   0.01177 -0.01734 -2.46214
   0.02241 -0.02294 -1.77370
   0.03284 -0.02681 -1.62813
   0.04317 -0.02978 -1.46455
   0.05343 -0.03217 -1.34303
   0.06363 -0.03414 -1.24327
   0.07379 -0.03580 -1.15964
   0.08391 -0.03720 -1.08779
   0.09401 -0.03840 -1.02522
   0.10408 -0.03943 -0.97070
   0.11413 -0.04030 -0.92124
   0.12416 -0.04105 -0.87649
   0.13418 -0.04168 -0.83617
   0.14418 -0.04221 -0.79785
   0.15416 -0.04266 -0.76437
   0.16414 -0.04302 -0.73224
   0.17410 -0.04331 -0.70216
   0.18406 -0.04353 -0.67446
   0.19400 -0.04370 -0.64774
   0.20394 -0.04381 -0.62299
   0.21388 -0.04387 -0.59964
   0.22380 -0.04388 -0.57683
   0.23372 -0.04385 -0.55636
   0.24364 -0.04379 -0.53576
   0.25355 -0.04368 -0.51652
   0.26346 -0.04355 -0.49809
   0.27337 -0.04339 -0.48064
   0.28327 -0.04320 -0.46393
   0.29317 -0.04298 -0.44754
   0.30307 -0.04275 -0.43275
   0.31297 -0.04249 -0.41791
   0.32287 -0.04221 -0.40352
   0.33277 -0.04192 -0.38988
   0.34266 -0.04161 -0.37769
   0.35256 -0.04128 -0.36505
   0.36246 -0.04095 -0.35326
   0.37236 -0.04060 -0.34234
   0.38226 -0.04025 -0.33242
   0.39216 -0.03988 -0.32233
   0.40207 -0.03951 -0.31434
   0.41205 -0.03913 -0.30823
   0.42204 -0.03872 -0.29980
   0.43203 -0.03830 -0.29101
   0.44201 -0.03787 -0.28190
   0.45200 -0.03742 -0.27286
   0.46199 -0.03695 -0.26406
   0.47199 -0.03647 -0.25534
   0.48198 -0.03597 -0.24616
   0.49198 -0.03547 -0.23776
   0.50197 -0.03495 -0.22911
   0.51197 -0.03442 -0.22033
   0.52197 -0.03388 -0.21234
   0.53198 -0.03334 -0.20349
   0.54198 -0.03278 -0.19556
   0.55199 -0.03221 -0.18718
   0.56200 -0.03164 -0.17969
   0.57200 -0.03106 -0.17118
   0.58202 -0.03047 -0.16374
   0.59203 -0.02987 -0.15587
   0.60205 -0.02927 -0.14853
   0.61207 -0.02867 -0.14059
   0.62209 -0.02806 -0.13345
   0.63211 -0.02744 -0.12617
   0.64214 -0.02682 -0.11850
   0.65216 -0.02620 -0.11117
   0.66219 -0.02557 -0.10452
   0.67223 -0.02493 -0.09670
   0.68226 -0.02430 -0.09013
   0.69230 -0.02366 -0.08286
   0.70234 -0.02302 -0.07584
   0.71238 -0.02237 -0.06878
   0.72243 -0.02173 -0.06175
   0.73248 -0.02107 -0.05493
   0.74253 -0.02042 -0.04758
   0.75258 -0.01977 -0.04075
   0.76264 -0.01911 -0.03342
   0.77270 -0.01845 -0.02632
   0.78276 -0.01779 -0.01926
   0.79283 -0.01713 -0.01182
   0.80290 -0.01646 -0.00415
   0.81297 -0.01579  0.00321
   0.82305 -0.01512  0.01097
   0.83312 -0.01445  0.01916
   0.84320 -0.01378  0.02741
   0.85329 -0.01310  0.03555
   0.86338 -0.01242  0.04475
   0.87347 -0.01174  0.05380
   0.88356 -0.01105  0.06364
   0.89366 -0.01037  0.07418
   0.90376 -0.00968  0.08485
   0.91387 -0.00898  0.09699
   0.92398 -0.00829  0.11016
   0.93409 -0.00758  0.12486
   0.94420 -0.00688  0.14151
   0.95433 -0.00617  0.16073
   0.96445 -0.00546  0.18445
   0.97458 -0.00474  0.21615
   0.98471 -0.00402  0.25456
   0.99485 -0.00329  0.39536
