                                                
 Alfa =   5.00000 Re =     1000.000 Xflap,Yflap =     0.000000    0.000000
#    x        y        Cp  
   1.00515 -0.00003 -0.12963
   0.99519  0.00204 -0.13085
   0.98523  0.00407 -0.13209
   0.97526  0.00608 -0.13338
   0.96529  0.00806 -0.13470
   0.95531  0.01001 -0.13607
   0.94533  0.01194 -0.13747
   0.93535  0.01384 -0.13891
   0.92536  0.01571 -0.14039
   0.91537  0.01756 -0.14192
   0.90538  0.01938 -0.14349
   0.89538  0.02117 -0.14511
   0.88538  0.02295 -0.14678
   0.87537  0.02469 -0.14850
   0.86536  0.02641 -0.15028
   0.85535  0.02811 -0.15211
   0.84533  0.02978 -0.15400
   0.83531  0.03142 -0.15595
   0.82529  0.03304 -0.15796
   0.81527  0.03464 -0.16003
   0.80524  0.03621 -0.16218
   0.79521  0.03776 -0.16439
   0.78517  0.03928 -0.16668
   0.77514  0.04078 -0.16904
   0.76510  0.04226 -0.17148
   0.75505  0.04371 -0.17401
   0.74501  0.04513 -0.17662
   0.73496  0.04653 -0.17932
   0.72491  0.04791 -0.18211
   0.71485  0.04926 -0.18500
   0.70479  0.05059 -0.18798
   0.69473  0.05189 -0.19107
   0.68467  0.05316 -0.19427
   0.67461  0.05441 -0.19758
   0.66454  0.05564 -0.20100
   0.65447  0.05684 -0.20453
   0.64440  0.05801 -0.20819
   0.63432  0.05915 -0.21198
   0.62425  0.06027 -0.21589
   0.61417  0.06136 -0.21994
   0.60409  0.06243 -0.22411
   0.59400  0.06346 -0.22842
   0.58392  0.06447 -0.23286
   0.57383  0.06545 -0.23744
   0.56374  0.06640 -0.24218
   0.55365  0.06732 -0.24708
   0.54355  0.06821 -0.25214
   0.53346  0.06907 -0.25737
   0.52336  0.06990 -0.26278
   0.51326  0.07069 -0.26838
   0.50316  0.07145 -0.27417
   0.49305  0.07218 -0.28016
   0.48295  0.07288 -0.28635
   0.47284  0.07354 -0.29274
   0.46274  0.07417 -0.29936
   0.45263  0.07476 -0.30619
   0.44252  0.07531 -0.31325
   0.43241  0.07582 -0.32053
   0.42229  0.07630 -0.32805
   0.41218  0.07674 -0.33580
   0.40207  0.07713 -0.34379
   0.39187  0.07748 -0.35206
   0.38167  0.07777 -0.36056
   0.37147  0.07800 -0.36927
   0.36127  0.07817 -0.37819
   0.35107  0.07828 -0.38730
   0.34087  0.07832 -0.39661
   0.33066  0.07830 -0.40609
   0.32046  0.07822 -0.41574
   0.31026  0.07807 -0.42556
   0.30006  0.07785 -0.43550
   0.28986  0.07756 -0.44558
   0.27966  0.07720 -0.45577
   0.26946  0.07676 -0.46604
   0.25927  0.07625 -0.47640
   0.24908  0.07565 -0.48680
   0.23889  0.07497 -0.49726
   0.22871  0.07421 -0.50773
   0.21853  0.07336 -0.51816
   0.20835  0.07241 -0.52857
   0.19818  0.07138 -0.53891
   0.18802  0.07024 -0.54915
   0.17787  0.06899 -0.55924
   0.16772  0.06764 -0.56916
   0.15759  0.06617 -0.57885
   0.14746  0.06457 -0.58828
   0.13735  0.06285 -0.59731
   0.12725  0.06098 -0.60591
   0.11716  0.05897 -0.61395
   0.10709  0.05679 -0.62129
   0.09704  0.05443 -0.62768
   0.08701  0.05188 -0.63282
   0.07701  0.04910 -0.63631
   0.06704  0.04606 -0.63741
   0.05710  0.04272 -0.63500
   0.04720  0.03901 -0.62719
   0.03735  0.03484 -0.61079
   0.02758  0.03003 -0.57971
   0.01792  0.02428 -0.55485
   0.00845  0.01674 -0.29806
   0.00006 -0.00129  0.88512
   0.01177 -0.01734  0.48503
   0.02241 -0.02294  0.19270
   0.03284 -0.02681  0.13840
   0.04317 -0.02978  0.06994
   0.05343 -0.03217  0.02415
   0.06363 -0.03414 -0.00874
   0.07379 -0.03580 -0.03330
   0.08391 -0.03720 -0.05206
   0.09401 -0.03840 -0.06664
   0.10408 -0.03943 -0.07821
   0.11413 -0.04030 -0.08739
   0.12416 -0.04105 -0.09476
   0.13418 -0.04168 -0.10067
   0.14418 -0.04221 -0.10539
   0.15416 -0.04266 -0.10920
   0.16414 -0.04302 -0.11223
   0.17410 -0.04331 -0.11463
   0.18406 -0.04353 -0.11649
   0.19400 -0.04370 -0.11793
   0.20394 -0.04381 -0.11898
   0.21388 -0.04387 -0.11974
   0.22380 -0.04388 -0.12021
   0.23372 -0.04385 -0.12053
   0.24364 -0.04379 -0.12062
   0.25355 -0.04368 -0.12058
   0.26346 -0.04355 -0.12042
   0.27337 -0.04339 -0.12017
   0.28327 -0.04320 -0.11985
   0.29317 -0.04298 -0.11945
   0.30307 -0.04275 -0.11905
   0.31297 -0.04249 -0.11860
   0.32287 -0.04221 -0.11813
   0.33277 -0.04192 -0.11766
   0.34266 -0.04161 -0.11722
   0.35256 -0.04128 -0.11678
   0.36246 -0.04095 -0.11637
   0.37236 -0.04060 -0.11600
   0.38226 -0.04025 -0.11567
   0.39216 -0.03988 -0.11539
   0.40207 -0.03951 -0.11519
   0.41205 -0.03913 -0.11503
   0.42204 -0.03872 -0.11485
   0.43203 -0.03830 -0.11469
   0.44201 -0.03787 -0.11450
   0.45200 -0.03742 -0.11433
   0.46199 -0.03695 -0.11413
   0.47199 -0.03647 -0.11393
   0.48198 -0.03597 -0.11373
   0.49198 -0.03547 -0.11353
   0.50197 -0.03495 -0.11332
   0.51197 -0.03442 -0.11310
   0.52197 -0.03388 -0.11290
   0.53198 -0.03334 -0.11268
   0.54198 -0.03278 -0.11247
   0.55199 -0.03221 -0.11227
   0.56200 -0.03164 -0.11208
   0.57200 -0.03106 -0.11189
   0.58202 -0.03047 -0.11173
   0.59203 -0.02987 -0.11156
   0.60205 -0.02927 -0.11142
   0.61207 -0.02867 -0.11129
   0.62209 -0.02806 -0.11118
   0.63211 -0.02744 -0.11109
   0.64214 -0.02682 -0.11102
   0.65216 -0.02620 -0.11096
   0.66219 -0.02557 -0.11095
   0.67223 -0.02493 -0.11094
   0.68226 -0.02430 -0.11097
   0.69230 -0.02366 -0.11102
   0.70234 -0.02302 -0.11110
   0.71238 -0.02237 -0.11121
   0.72243 -0.02173 -0.11135
   0.73248 -0.02107 -0.11153
   0.74253 -0.02042 -0.11173
   0.75258 -0.01977 -0.11197
   0.76264 -0.01911 -0.11224
   0.77270 -0.01845 -0.11255
   0.78276 -0.01779 -0.11290
   0.79283 -0.01713 -0.11328
   0.80290 -0.01646 -0.11369
   0.81297 -0.01579 -0.11416
   0.82305 -0.01512 -0.11465
   0.83312 -0.01445 -0.11519
   0.84320 -0.01378 -0.11576
   0.85329 -0.01310 -0.11639
   0.86338 -0.01242 -0.11705
   0.87347 -0.01174 -0.11776
   0.88356 -0.01105 -0.11850
   0.89366 -0.01037 -0.11930
   0.90376 -0.00968 -0.12014
   0.91387 -0.00898 -0.12102
   0.92398 -0.00829 -0.12194
   0.93409 -0.00758 -0.12292
   0.94420 -0.00688 -0.12393
   0.95433 -0.00617 -0.12499
   0.96445 -0.00546 -0.12609
   0.97458 -0.00474 -0.12722
   0.98471 -0.00402 -0.12832
   0.99485 -0.00329 -0.12963
