                                                
 Alfa =   5.00000 Re =        0.000 Xflap,Yflap =     0.000000    0.000000
#    x        y        Cp  
   1.00515 -0.00003  0.41843
   0.99519  0.00204  0.18167
   0.98523  0.00407  0.12446
   0.97526  0.00608  0.08069
   0.96529  0.00806  0.04715
   0.95531  0.01001  0.01771
   0.94533  0.01194 -0.00735
   0.93535  0.01384 -0.03156
   0.92536  0.01571 -0.05258
   0.91537  0.01756 -0.07334
   0.90538  0.01938 -0.09190
   0.89538  0.02117 -0.11000
   0.88538  0.02295 -0.12743
   0.87537  0.02469 -0.14360
   0.86536  0.02641 -0.15973
   0.85535  0.02811 -0.17510
   0.84533  0.02978 -0.18959
   0.83531  0.03142 -0.20480
   0.82529  0.03304 -0.21840
   0.81527  0.03464 -0.23259
   0.80524  0.03621 -0.24579
   0.79521  0.03776 -0.26004
   0.78517  0.03928 -0.27214
   0.77514  0.04078 -0.28579
   0.76510  0.04226 -0.29829
   0.75505  0.04371 -0.31111
   0.74501  0.04513 -0.32348
   0.73496  0.04653 -0.33606
   0.72491  0.04791 -0.34847
   0.71485  0.04926 -0.36054
   0.70479  0.05059 -0.37325
   0.69473  0.05189 -0.38488
   0.68467  0.05316 -0.39718
   0.67461  0.05441 -0.40959
   0.66454  0.05564 -0.42146
   0.65447  0.05684 -0.43382
   0.64440  0.05801 -0.44596
   0.63432  0.05915 -0.45846
   0.62425  0.06027 -0.47045
   0.61417  0.06136 -0.48304
   0.60409  0.06243 -0.49504
   0.59400  0.06346 -0.50785
   0.58392  0.06447 -0.52018
   0.57383  0.06545 -0.53295
   0.56374  0.06640 -0.54564
   0.55365  0.06732 -0.55845
   0.54355  0.06821 -0.57188
   0.53346  0.06907 -0.58457
   0.52336  0.06990 -0.59846
   0.51326  0.07069 -0.61146
   0.50316  0.07145 -0.62521
   0.49305  0.07218 -0.63958
   0.48295  0.07288 -0.65324
   0.47284  0.07354 -0.66793
   0.46274  0.07417 -0.68263
   0.45263  0.07476 -0.69793
   0.44252  0.07531 -0.71318
   0.43241  0.07582 -0.72955
   0.42229  0.07630 -0.74560
   0.41218  0.07674 -0.76360
   0.40207  0.07713 -0.78449
   0.39187  0.07748 -0.80348
   0.38167  0.07777 -0.82195
   0.37147  0.07800 -0.83915
   0.36127  0.07817 -0.85620
   0.35107  0.07828 -0.87328
   0.34087  0.07832 -0.89078
   0.33066  0.07830 -0.90689
   0.32046  0.07822 -0.92379
   0.31026  0.07807 -0.94132
   0.30006  0.07785 -0.95785
   0.28986  0.07756 -0.97479
   0.27966  0.07720 -0.99215
   0.26946  0.07676 -1.00922
   0.25927  0.07625 -1.02650
   0.24908  0.07565 -1.04401
   0.23889  0.07497 -1.06235
   0.22871  0.07421 -1.08079
   0.21853  0.07336 -1.09852
   0.20835  0.07241 -1.11795
   0.19818  0.07138 -1.13719
   0.18802  0.07024 -1.15717
   0.17787  0.06899 -1.17791
   0.16772  0.06764 -1.19909
   0.15759  0.06617 -1.22170
   0.14746  0.06457 -1.24445
   0.13735  0.06285 -1.26897
   0.12725  0.06098 -1.29568
   0.11716  0.05897 -1.32270
   0.10709  0.05679 -1.35387
   0.09704  0.05443 -1.38650
   0.08701  0.05188 -1.42243
   0.07701  0.04910 -1.46381
   0.06704  0.04606 -1.51060
   0.05710  0.04272 -1.56483
   0.04720  0.03901 -1.62995
   0.03735  0.03484 -1.70653
   0.02758  0.03003 -1.81314
   0.01792  0.02428 -1.87708
   0.00845  0.01674 -2.43632
   0.00006 -0.00129 -0.45641
   0.01177 -0.01734  0.89383
   0.02241 -0.02294  0.77056
   0.03284 -0.02681  0.63225
   0.04317 -0.02978  0.54135
   0.05343 -0.03217  0.47156
   0.06363 -0.03414  0.41780
   0.07379 -0.03580  0.37521
   0.08391 -0.03720  0.34085
   0.09401 -0.03840  0.31254
   0.10408 -0.03943  0.28880
   0.11413 -0.04030  0.26893
   0.12416 -0.04105  0.25214
   0.13418 -0.04168  0.23766
   0.14418 -0.04221  0.22580
   0.15416 -0.04266  0.21458
   0.16414 -0.04302  0.20545
   0.17410 -0.04331  0.19749
   0.18406 -0.04353  0.19043
   0.19400 -0.04370  0.18442
   0.20394 -0.04381  0.17919
   0.21388 -0.04387  0.17433
   0.22380 -0.04388  0.17067
   0.23372 -0.04385  0.16661
   0.24364 -0.04379  0.16385
   0.25355 -0.04368  0.16107
   0.26346 -0.04355  0.15878
   0.27337 -0.04339  0.15651
   0.28327 -0.04320  0.15477
   0.29317 -0.04298  0.15330
   0.30307 -0.04275  0.15143
   0.31297 -0.04249  0.15021
   0.32287 -0.04221  0.14914
   0.33277 -0.04192  0.14821
   0.34266 -0.04161  0.14669
   0.35256 -0.04128  0.14586
   0.36246 -0.04095  0.14491
   0.37236 -0.04060  0.14370
   0.38226 -0.04025  0.14226
   0.39216 -0.03988  0.14092
   0.40207 -0.03951  0.13880
   0.41205 -0.03913  0.13547
   0.42204 -0.03872  0.13402
   0.43203 -0.03830  0.13276
   0.44201 -0.03787  0.13228
   0.45200 -0.03742  0.13157
   0.46199 -0.03695  0.13122
   0.47199 -0.03647  0.13094
   0.48198 -0.03597  0.13103
   0.49198 -0.03547  0.13085
   0.50197 -0.03495  0.13108
   0.51197 -0.03442  0.13136
   0.52197 -0.03388  0.13139
   0.53198 -0.03334  0.13216
   0.54198 -0.03278  0.13254
   0.55199 -0.03221  0.13291
   0.56200 -0.03164  0.13333
   0.57200 -0.03106  0.13429
   0.58202 -0.03047  0.13466
   0.59203 -0.02987  0.13556
   0.60205 -0.02927  0.13591
   0.61207 -0.02867  0.13700
   0.62209 -0.02806  0.13754
   0.63211 -0.02744  0.13830
   0.64214 -0.02682  0.13949
   0.65216 -0.02620  0.14031
   0.66219 -0.02557  0.14093
   0.67223 -0.02493  0.14219
   0.68226 -0.02430  0.14302
   0.69230 -0.02366  0.14389
   0.70234 -0.02302  0.14539
   0.71238 -0.02237  0.14613
   0.72243 -0.02173  0.14743
   0.73248 -0.02107  0.14859
   0.74253 -0.02042  0.14989
   0.75258 -0.01977  0.15127
   0.76264 -0.01911  0.15263
   0.77270 -0.01845  0.15408
   0.78276 -0.01779  0.15557
   0.79283 -0.01713  0.15744
   0.80290 -0.01646  0.15940
   0.81297 -0.01579  0.16084
   0.82305 -0.01512  0.16330
   0.83312 -0.01445  0.16555
   0.84320 -0.01378  0.16814
   0.85329 -0.01310  0.17040
   0.86338 -0.01242  0.17391
   0.87347 -0.01174  0.17695
   0.88356 -0.01105  0.18079
   0.89366 -0.01037  0.18491
   0.90376 -0.00968  0.18972
   0.91387 -0.00898  0.19524
   0.92398 -0.00829  0.20169
   0.93409 -0.00758  0.20953
   0.94420 -0.00688  0.21889
   0.95433 -0.00617  0.23030
   0.96445 -0.00546  0.24573
   0.97458 -0.00474  0.26818
   0.98471 -0.00402  0.29612
   0.99485 -0.00329  0.41843
