     0.926683    0.012107
     0.926619    0.017456
     0.926406    0.022804
     0.926045    0.028150
     0.925534    0.033494
     0.924875    0.038836
     0.924068    0.044177
     0.923114    0.049516
     0.922012    0.054853
     0.920763    0.060188
     0.919369    0.065522
     0.917829    0.070854
     0.916145    0.076184
     0.914317    0.081512
     0.912347    0.086838
     0.910235    0.092162
     0.907983    0.097484
     0.905591    0.102803
     0.903062    0.108120
     0.900395    0.113434
     0.897593    0.118745
     0.894656    0.124053
     0.891587    0.129358
     0.888386    0.134659
     0.885055    0.139956
     0.881597    0.145249
     0.878011    0.150537
     0.874301    0.155819
     0.870467    0.161096
     0.866512    0.166368
     0.862437    0.171632
     0.858245    0.176889
     0.853936    0.182139
     0.849513    0.187380
     0.844978    0.192612
     0.840333    0.197834
     0.835579    0.203046
     0.830719    0.208246
     0.825755    0.213434
     0.820689    0.218608
     0.815523    0.223768
     0.810258    0.228913
     0.804898    0.234042
     0.799444    0.239153
     0.793899    0.244246
     0.788264    0.249318
     0.782542    0.254369
     0.776735    0.259398
     0.770845    0.264402
     0.764874    0.269381
     0.758825    0.274332
     0.752700    0.279255
     0.746500    0.284147
     0.740229    0.289006
     0.733888    0.293832
     0.727480    0.298622
     0.721007    0.303374
     0.714470    0.308087
     0.707873    0.312758
     0.701217    0.317385
     0.694506    0.321967
     0.687739    0.326501
     0.680922    0.330986
     0.674054    0.335418
     0.667139    0.339797
     0.660178    0.344120
     0.653175    0.348385
     0.646131    0.352590
     0.639047    0.356732
     0.631928    0.360810
     0.624774    0.364821
     0.617587    0.368764
     0.610371    0.372635
     0.603126    0.376434
     0.595856    0.380157
     0.588562    0.383803
     0.581246    0.387370
     0.573911    0.390855
     0.566558    0.394257
     0.559190    0.397574
     0.551808    0.400803
     0.544415    0.403943
     0.537012    0.406992
     0.529602    0.409947
     0.522186    0.412808
     0.514767    0.415572
     0.507347    0.418238
     0.499926    0.420803
     0.492508    0.423267
     0.485094    0.425627
     0.477686    0.427883
     0.470285    0.430032
     0.462894    0.432074
     0.455514    0.434006
     0.448147    0.435829
     0.440795    0.437540
     0.433460    0.439138
     0.426143    0.440623
     0.418845    0.441992
     0.411569    0.443247
     0.404316    0.444384
     0.397087    0.445404
     0.389885    0.446306
     0.382711    0.447088
     0.375566    0.447751
     0.368452    0.448293
     0.361370    0.448714
     0.354322    0.449013
     0.347309    0.449191
     0.340333    0.449246
     0.333395    0.449178
     0.326497    0.448986
     0.319639    0.448671
     0.312824    0.448232
     0.306052    0.447670
     0.299325    0.446983
     0.292644    0.446172
     0.286011    0.445236
     0.279426    0.444176
     0.272891    0.442992
     0.266408    0.441684
     0.259976    0.440252
     0.253598    0.438696
     0.247275    0.437017
     0.241007    0.435214
     0.234797    0.433288
     0.228644    0.431240
     0.222551    0.429069
     0.216517    0.426777
     0.210545    0.424363
     0.204635    0.421829
     0.198788    0.419175
     0.193005    0.416401
     0.187288    0.413509
     0.181637    0.410498
     0.176052    0.407370
     0.170536    0.404125
     0.165089    0.400764
     0.159711    0.397289
     0.154404    0.393699
     0.149169    0.389997
     0.144005    0.386182
     0.138915    0.382256
     0.133899    0.378220
     0.128958    0.374076
     0.124092    0.369823
     0.119302    0.365463
     0.114589    0.360998
     0.109954    0.356429
     0.105398    0.351757
     0.100920    0.346983
     0.096522    0.342108
     0.092205    0.337134
     0.087968    0.332063
     0.083814    0.326895
     0.079741    0.321632
     0.075752    0.316276
     0.071845    0.310828
     0.068023    0.305289
     0.064286    0.299662
     0.060633    0.293948
     0.057066    0.288148
     0.053585    0.282263
     0.050191    0.276297
     0.046884    0.270250
     0.043664    0.264124
     0.040533    0.257921
     0.037489    0.251642
     0.034535    0.245290
     0.031670    0.238866
     0.028894    0.232372
     0.026209    0.225810
     0.023613    0.219182
     0.021109    0.212490
     0.018695    0.205735
     0.016373    0.198920
     0.014143    0.192046
     0.012004    0.185116
     0.009958    0.178132
     0.008005    0.171095
     0.006144    0.164008
     0.004376    0.156872
     0.002702    0.149691
     0.001121    0.142465
     -0.000366    0.135198
     -0.001760    0.127891
     -0.003059    0.120546
     -0.004264    0.113165
     -0.005374    0.105752
     -0.006390    0.098307
     -0.007311    0.090833
     -0.008138    0.083333
     -0.008869    0.075808
     -0.009505    0.068261
     -0.010046    0.060694
     -0.010492    0.053110
     -0.010843    0.045510
     -0.011098    0.037897
     -0.011258    0.030273
     -0.011322    0.022641
     -0.011291    0.015002
     -0.011164    0.007360
     -0.010942    -0.000284
     -0.010625    -0.007927
     -0.010212    -0.015568
     -0.009704    -0.023202
     -0.009101    -0.030830
     -0.008402    -0.038447
     -0.007608    -0.046052
     -0.006720    -0.053642
     -0.005736    -0.061215
     -0.004658    -0.068769
     -0.003485    -0.076302
     -0.002218    -0.083810
     -0.000857    -0.091293
     0.000599    -0.098746
     0.002148    -0.106169
     0.003792    -0.113559
     0.005528    -0.120914
     0.007358    -0.128231
     0.009281    -0.135508
     0.011296    -0.142743
     0.013404    -0.149934
     0.015604    -0.157078
     0.017896    -0.164174
     0.020279    -0.171218
     0.022754    -0.178209
     0.025319    -0.185145
     0.027975    -0.192023
     0.030720    -0.198841
     0.033556    -0.205598
     0.036480    -0.212290
     0.039494    -0.218917
     0.042596    -0.225476
     0.045785    -0.231964
     0.049063    -0.238380
     0.052427    -0.244722
     0.055877    -0.250988
     0.059414    -0.257176
     0.063036    -0.263283
     0.066743    -0.269309
     0.070535    -0.275250
     0.074410    -0.281106
     0.078368    -0.286874
     0.082409    -0.292552
     0.086532    -0.298140
     0.090736    -0.303634
     0.095021    -0.309033
     0.099386    -0.314336
     0.103831    -0.319540
     0.108353    -0.324645
     0.112954    -0.329649
     0.117632    -0.334549
     0.122387    -0.339345
     0.127217    -0.344034
     0.132123    -0.348616
     0.137102    -0.353089
     0.142155    -0.357452
     0.147280    -0.361702
     0.152477    -0.365840
     0.157745    -0.369863
     0.163082    -0.373771
     0.168489    -0.377561
     0.173964    -0.381234
     0.179506    -0.384787
     0.185115    -0.388220
     0.190789    -0.391531
     0.196527    -0.394721
     0.202329    -0.397786
     0.208193    -0.400728
     0.214119    -0.403544
     0.220105    -0.406235
     0.226150    -0.408799
     0.232253    -0.411235
     0.238414    -0.413543
     0.244631    -0.415722
     0.250902    -0.417772
     0.257228    -0.419693
     0.263606    -0.421482
     0.270035    -0.423141
     0.276515    -0.424669
     0.283044    -0.426065
     0.289621    -0.427330
     0.296244    -0.428463
     0.302913    -0.429463
     0.309625    -0.430331
     0.316381    -0.431068
     0.323178    -0.431671
     0.330015    -0.432143
     0.336891    -0.432483
     0.343805    -0.432691
     0.350754    -0.432767
     0.357739    -0.432712
     0.364756    -0.432526
     0.371805    -0.432210
     0.378885    -0.431764
     0.385993    -0.431189
     0.393129    -0.430485
     0.400291    -0.429653
     0.407477    -0.428694
     0.414686    -0.427608
     0.421916    -0.426397
     0.429166    -0.425062
     0.436434    -0.423603
     0.443719    -0.422022
     0.451018    -0.420320
     0.458330    -0.418498
     0.465654    -0.416558
     0.472988    -0.414501
     0.480329    -0.412328
     0.487677    -0.410041
     0.495030    -0.407641
     0.502385    -0.405131
     0.509742    -0.402513
     0.517098    -0.399787
     0.524451    -0.396956
     0.531799    -0.394022
     0.539142    -0.390986
     0.546476    -0.387852
     0.553800    -0.384621
     0.561112    -0.381295
     0.568411    -0.377876
     0.575693    -0.374367
     0.582958    -0.370771
     0.590203    -0.367088
     0.597426    -0.363322
     0.604626    -0.359475
     0.611800    -0.355550
     0.618946    -0.351548
     0.626062    -0.347472
     0.633147    -0.343325
     0.640198    -0.339108
     0.647213    -0.334826
     0.654190    -0.330478
     0.661127    -0.326070
     0.668022    -0.321601
     0.674872    -0.317076
     0.681677    -0.312496
     0.688432    -0.307863
     0.695138    -0.303181
     0.701790    -0.298450
     0.708388    -0.293675
     0.714929    -0.288855
     0.721410    -0.283995
     0.727830    -0.279096
     0.734187    -0.274160
     0.740478    -0.269188
     0.746702    -0.264184
     0.752855    -0.259149
     0.758936    -0.254085
     0.764943    -0.248993
     0.770874    -0.243876
     0.776725    -0.238735
     0.782496    -0.233571
     0.788184    -0.228386
     0.793786    -0.223182
     0.799301    -0.217960
     0.804726    -0.212721
     0.810060    -0.207466
     0.815299    -0.202198
     0.820443    -0.196916
     0.825488    -0.191622
     0.830433    -0.186317
     0.835276    -0.181002
     0.840014    -0.175678
     0.844646    -0.170346
     0.849169    -0.165007
     0.853582    -0.159661
     0.857883    -0.154309
     0.862069    -0.148953
     0.866139    -0.143591
     0.870091    -0.138226
     0.873923    -0.132858
     0.877634    -0.127487
     0.881221    -0.122114
     0.884682    -0.116739
     0.888017    -0.111363
     0.891224    -0.105985
     0.894300    -0.100608
     0.897245    -0.095229
     0.900057    -0.089851
     0.902735    -0.084474
     0.905276    -0.079096
     0.907681    -0.073720
     0.909947    -0.068344
     0.912074    -0.062970
     0.914060    -0.057596
     0.915904    -0.052225
     0.917605    -0.046854
     0.919163    -0.041485
     0.920576    -0.036118
     0.921844    -0.030753
     0.922966    -0.025389
     0.923941    -0.020027
     0.924769    -0.014667
     0.925449    -0.009309
     0.925980    -0.003952
     0.926363    0.001403
     0.926598    0.006756
     0.926683    0.012107
